r,g,b
15345.282222222222,18306.215555555555,8517.795555555556
13314.98202614379,20647.03267973856,6372.307189542484
6860.523584905661,15996.209905660377,4179.797169811321
9481.96421471173,14550.308151093439,6131.82703777336
7411.111888111888,8716.576923076924,5000.70979020979
9869.606557377048,10610.180327868853,6447.911007025761
11489.143724696356,11975.024291497975,5808.451417004048
11432.761517615176,11852.60162601626,5484.346883468835
12214.794258373206,13794.918660287081,8754.01913875598
20786.351043643263,17806.874762808347,11716.286527514232
12116.280612244898,13446.252551020409,9780.352040816326
12824.750465549349,20998.666666666668,7849.5437616387335
21093.41074523397,21818.59445407279,12825.240901213172
13242.047619047618,12072.282738095239,7836.050595238095
10074.50495049505,9670.727722772277,7509.3267326732675
14065.907020872864,17360.001897533206,8737.174573055028
14910.141804788214,14514.141804788214,9689.615101289135
18541.88988095238,26787.772817460318,15023.472222222223
8089.703225806452,9824.78064516129,5058.767741935484
14282.471086036672,21641.868829337094,9597.476727785614
6202.964071856288,4232.715568862275,2940.877245508982
10212.60773480663,8132.845303867403,6028.348066298343
26826.31347150259,22668.799222797927,21483.08549222798
10447.747109826589,6926.940751445087,5183.799132947976
11528.94276094276,8580.791245791246,5424.888888888889
15215.020797227036,11038.528596187176,9606.6568457539
7260.658634538153,5965.618473895583,5095.95983935743
4280.077844311377,3045.122754491018,2269.952095808383
10323.790404040405,8504.2601010101,7686.662878787879
18306.724386724385,16579.896103896102,14134.646464646465
15088.794174757282,9989.603883495145,7195.11067961165
18116.712029161605,14620.55893074119,12855.324422843256
6577.886297376093,5056.787172011662,4438.4810495626825
6716.352112676056,5566.022132796781,4571.396378269617
10898.998043052838,9303.63796477495,4412.013698630137
14663.45925925926,11946.432098765432,10204.90987654321
14969.987775061125,12079.317848410758,9552.882640586797
8067.009677419355,8082.754838709678,8645.509677419355
5526.289940828402,4627.742603550296,4570.784023668639
9010.92,7720.671111111111,5779.791111111111
16382.420212765957,16489.369680851065,16602.17021276596
16341.315972222223,13947.583333333334,12640.248263888889
21989.8688172043,21915.60430107527,21532.51182795699
43915.3476070529,37405.20277078086,28691.054156171285
21698.07824427481,19829.14503816794,17300.158396946565
35918.619419642855,35864.614955357145,35744.59709821428
22277.21782178218,15238.585808580858,12103.783828382839
22047.638349514564,22026.550970873788,22033.58009708738
24203.629255989912,24518.795712484236,25509.664564943254
11479.84105960265,15477.037527593819,14882.924944812363
12978.155882352941,14079.44411764706,11371.414705882353
10553.974789915967,10640.810924369747,10383.474789915967
19999.397540983606,20327.872950819674,14365.437158469946
24154.81041968162,26467.782923299565,19566.149059334297
19902.375617792422,20605.739703459636,16223.533772652389
